355159, 11419905
355173, 15801895
355204, 9867797
357418, 13206566
355947, 12266769
356535, 11473616
356537, 11315178
356574, 7585894
356949, 8623040
356993, 12771352
358015, 14882076
358052, 8161266
357380, 11784253
355867, 134758
355641, 8733672
356936, 14039884
357825, 10436795
355009, 10151906
355030, 15259160
355058, 8192547
355992, 3641501
356000, 4851589
356029, 6630171
355580, 15110057
356384, 13026273
357875, 7971808
357901, 13479754
357926, 8417806
357178, 15953091
355711, 2000281
355728, 10584689
357703, 6719146
355785, 12381804
355822, 3190725
354843, 8589223
356453, 2237520
356484, 14400762
354099, 7749579
354125, 12803260
354809, 4012718
356305, 2401993
355550, 2417367
354897, 2835463
354914, 11507344
354931, 12893238
357117, 4876938
357139, 2885581
