366291, 13915910
366303, 2142345
366334, 13487385
366369, 11347093
367252, 2343573
368598, 8036774
368638, 14753590
368732, 16439549
368752, 8704019
368758, 5277571
368767, 12542674
368957, 311911
368960, 8485301
369155, 16014388
369364, 9367621
369373, 13592281
369402, 4777673
369406, 5936793
369421, 3070390
369438, 9814829
369466, 15652769
369482, 11187979
369577, 3097446
369597, 3185073
369630, 10423402
369734, 6467757
369893, 12081224
369937, 9853223
369949, 8764640
369960, 3013400
369976, 13164123
370012, 5520871
370098, 2254199
370100, 6914114
370101, 15186287
370228, 8827840
370299, 2854697
370309, 7010112
370311, 3966620
370320, 264160
370324, 247782
370358, 11390531
370413, 15428665
370417, 3655561
370516, 15838082
370655, 5425663
370657, 5356459
370720, 724047
370940, 10312050
370949, 7903935
370963, 3973115
370975, 5425180
370983, 5789575
371028, 5924394
371069, 1464352
371172, 7114657
371216, 7139694
366795, 3688416
366870, 9414629
366896, 6476892
366902, 110109
367080, 6798985
367146, 16602878
367150, 13486029
367182, 5801405
367197, 4427629
367199, 3630463
367220, 8406212
