355159, 11419905
355173, 15801895
355204, 9867797
357418, 13206566
355947, 12266769
356535, 11473616
356537, 11315178
356574, 7585894
356949, 8623040
356993, 12771352
358015, 14882076
358052, 8161266
357380, 11784253
355867, 134758
355641, 8733672
356936, 14039884
357825, 10436795
355009, 10151906
355030, 15259160
355058, 8192547
355992, 3641501
356000, 4851589
356029, 6630171
355580, 15110057
356384, 13026273
357875, 7971808
357901, 13479754
357926, 8417806
357178, 15953091
355711, 2000281
355728, 10584689
357703, 6719146
355785, 12381804
355822, 3190725
354843, 8589223
356453, 2237520
356484, 14400762
354099, 7749579
354125, 12803260
354809, 4012718
356305, 2401993
355550, 2417367
354897, 2835463
354914, 11507344
354931, 12893238
357117, 4876938
357139, 2885581
369406, 5936793
369421, 3070390
366870, 9414629
366896, 6476892
366902, 110109
370228, 8827840
367150, 13486029
366870, 9414629
370098, 2254199
369482, 11187979
370940, 10312050
370949, 7903935
370963, 3973115
370975, 5425180
370983, 5789575
368732, 16439549
368752, 8704019
368758, 5277571
368767, 12542674
371172, 7114657
371216, 7139694
370720, 724047
366896, 6476892
368767, 12542674
369937, 9853223
369976, 13164123
369466, 15652769
369482, 11187979
370975, 5425180
369630, 10423402
369734, 6467757
370320, 264160
370324, 247782
370309, 7010112
370311, 3966620
367252, 2343573
370299, 2854697
370309, 7010112
370311, 3966620
370320, 264160
370324, 247782
368732, 16439549
370098, 2254199
370100, 6914114
370101, 15186287
370299, 2854697
369577, 3097446
368758, 5277571
369630, 10423402
368638, 14753590
367080, 6798985
367150, 13486029
367182, 5801405
367197, 4427629
367199, 3630463
367220, 8406212
370949, 7903935
367146, 16602878
370940, 10312050
369577, 3097446
369597, 3185073
371216, 7139694
370228, 8827840
366795, 3688416
367146, 16602878
369364, 9367621
369373, 13592281
368957, 311911
370655, 5425663
370657, 5356459
369937, 9853223
369949, 8764640
369960, 3013400
369976, 13164123
370012, 5520871
369364, 9367621
369466, 15652769
371028, 5924394
367252, 2343573
369402, 4777673
368752, 8704019
369960, 3013400
370417, 3655561
370655, 5425663
370657, 5356459
370516, 15838082
371028, 5924394
371069, 1464352
367220, 8406212
370413, 15428665
368598, 8036774
369734, 6467757
370516, 15838082
370100, 6914114
370101, 15186287
369373, 13592281
371069, 1464352
369402, 4777673
369406, 5936793
369421, 3070390
369438, 9814829
370963, 3973115
371172, 7114657
370358, 11390531
370413, 15428665
370417, 3655561
368957, 311911
368960, 8485301
366291, 13915910
366303, 2142345
369949, 8764640
367197, 4427629
367199, 3630463
367182, 5801405
366902, 110109
370358, 11390531
368598, 8036774
368960, 8485301
366334, 13487385
366369, 11347093
366795, 3688416
369155, 16014388
369155, 16014388
369893, 12081224
368638, 14753590
367080, 6798985
369438, 9814829
370720, 724047
369893, 12081224
358370, 8754630
359427, 12503517
361649, 4461551
362319, 2941452
360984, 16205834
360989, 8069564
360989, 9268597
363612, 6983895
360683, 5919664
360840, 11760254
360858, 8726704
362405, 13356786
359131, 8899164
360401, 13015036
360409, 11153464
360424, 7032155
359206, 6269255
359224, 13808222
359483, 13155954
359389, 8336647
361554, 2938378
358622, 7199758
362346, 4656613
363405, 2605004
363409, 3613709
361930, 6959527
363292, 1005784
362426, 12477112
360761, 12869855
360783, 1154963
359586, 2459856
361830, 4686240
358302, 1344135
358313, 1007072
361512, 14610174
358906, 831313
358469, 4113237
359934, 935969
359080, 7456725
360210, 5007305
361079, 2066484
360812, 2068402
361109, 5615243
360537, 16257834
363195, 7002756
363206, 8797813
359547, 15218336
359748, 13813579
361958, 10953107
358603, 9247025
358176, 359814
358177, 6332523
358182, 9631688
361732, 16235161
361742, 4047497
361275, 13833213
360085, 1988949
360086, 9333869
360093, 14836968
359103, 9656826
359124, 5244506
363247, 7497530
358960, 1452203
358133, 5625668
361233, 15405506
359259, 11834728
361879, 3306193
361907, 3291576
361155, 7036197
361611, 2628077
361675, 16017634
360327, 9850970
358171, 1201807
362011, 7310212
363666, 12014853
358408, 10383648
363377, 5315635
